5.025000 5.280000 5.548500 5.831325 6.129371 6.443616 6.775128 7.125082 7.494773 7.885636 
5.025500 5.280600 5.549220 5.832189 6.130408 6.444860 6.776621 7.126873 7.496923 7.888215 
5.026010 5.281212 5.549954 5.833070 6.131466 6.446129 6.778144 7.128701 7.499115 7.890847 
5.026530 5.281836 5.550703 5.833969 6.132544 6.447423 6.779697 7.130565 7.501352 7.893531 
5.027061 5.282473 5.551468 5.834886 6.133645 6.448744 6.781281 7.132466 7.503634 7.896269 
5.027602 5.283122 5.552247 5.835821 6.134767 6.450090 6.782897 7.134405 7.505961 7.899061 
5.028154 5.283785 5.553042 5.836775 6.135912 6.451464 6.784546 7.136383 7.508335 7.901910 
5.028717 5.284461 5.553853 5.837748 6.137079 6.452865 6.786227 7.138401 7.510756 7.904815 
5.029291 5.285150 5.554680 5.838741 6.138270 6.454294 6.787942 7.140459 7.513225 7.907779 
5.029877 5.285853 5.555523 5.839753 6.139485 6.455752 6.789691 7.142558 7.515744 7.910801 
