7.000000 7.140000 7.282800 7.428456 7.577025 7.728566 7.883137 8.040800 8.201616 8.365648 
7.140000 7.282800 7.428456 7.577025 7.728566 7.883137 8.040800 8.201616 8.365648 8.532961 
7.282800 7.428456 7.577025 7.728566 7.883137 8.040800 8.201616 8.365648 8.532961 8.703620 
7.428456 7.577025 7.728566 7.883137 8.040800 8.201616 8.365648 8.532961 8.703620 8.877693 
7.577025 7.728566 7.883137 8.040800 8.201616 8.365648 8.532961 8.703620 8.877693 9.055246 
7.728566 7.883137 8.040800 8.201616 8.365648 8.532961 8.703620 8.877693 9.055246 9.236351 
7.883137 8.040800 8.201616 8.365648 8.532961 8.703620 8.877693 9.055246 9.236351 9.421078 
8.040800 8.201616 8.365648 8.532961 8.703620 8.877693 9.055246 9.236351 9.421078 9.609500 
8.201616 8.365648 8.532961 8.703620 8.877693 9.055246 9.236351 9.421078 9.609500 9.801690 
8.365648 8.532961 8.703620 8.877693 9.055246 9.236351 9.421078 9.609500 9.801690 9.997724 
